10319 10 10319134004740411445258977376400304033443678793556280180819889076797336606926651821690375930242326
12042 10 12042324655601016111772284940233425676713338466120273229054195950444548899267818359918480922891407
16795 10 16795736420906299681854993938222104431487452519776064366079267618337916060766673223054535998848762
16953 10 16953754802928211003210353138844162857803258357318204902439267218393912220344237865054155956044164
20173 10 20173218053985827330906399692855103061336746931052415765623118542939612257347207192780195810439147
20707 10 20707277799446838041184529297111682274049144305873535088858663342967615337686034463780905899537848
22856 10 22856403104341477551420656261188729659151406654621908309813979426636829940183419175008250807588723
26717 9 26717838851163627998968775454299961885796326595814439587243596784535298871765883136144975836231985
30016 10 30016301793186249486332496563511986207482712098329715168667442318654941933502685284370270729779164
30640 10 30640360439647250197510626168877465410195110462140835481892997118682944013841412555370080708877865
30690 10 30690365939142205642510676163377960465640110412145335986847442118632949513346467000370030703377360
30987 10 30987397502625288770654761913700407044774814129553140845482992018121993308263808918870965795126463
36650 10 36650921591364049044394872325955744021842392652181739980287820550250527557920261228734050745571902
38175 10 38175198260708677843452779794666302293241256537118082988017681834991738080188819669052595774424186
38254 10 38254107951764683004130454349977386401404154456989157706247686134474781115922641480552850703577382
38888 10 38888166697225694715318684944233865614117552820700277029472131934402784295261478751552660782675083
40909 10 40909499933882616087768543439777264498083788105691515066656221184329275119262018821960305633519686
44157 10 44157856253187849552340757472211943203752302753292851103621398342717698835761823790506955654011941
52654 10 52654781915900649060396632529577142485662312854303973326065866134274769113502485262378850563551980
54258 10 54258967375300283020132214543599784865224174658101391142025622718498923771504865424196650521557360
56852 10 56852143735700827080978896567511326245886936452909719968085488392612187339506245686914450589553740
58456 10 58456329195100461040714478581533968625448798256707137784045244976836341997508625848732250547559120
60101 10 60101611177228494023342567671333846612027322905419595044454889926781835991848092289140705477591424
60319 10 60319634059745461990708977876455309083998128793056235185869334526797836651921601376140375430297321
62389 10 62389851773684094249366329295111462250847582123033533688694645300983097139684254267968365419195000
66953 10 66953254857923261558760353638899167807358708357818259907489712768393412275349287310504155456099169
70094 10 70094709317924861624778614547599124803628398012781395942443668792456169177508425826730830381331946
70173 10 70173718008980877885456399192800108011881296931552460760673663092939112202342257647230195310484142
70410 10 70410745171968805468590434947733140645460990698965775124263668992478161597764643000730070307733740
70460 10 70460740671463850913590484942233645690915990648960275629218113992428166097269698555730020302233245
72856 10 72856903159346427006970656761133724609606956654121953304863424976636329995188469620558250307533728
80303 10 80303833311664272069926581813999428836061966705237575022252447768143495773424076647320105211573262
84393 9 84393272259947483112142335656811149225314784515296671523867514326575812239345227974966135274879125
84501 10 84501295131464450089508745851933602696285580303833311664272069926581813999428836061966705237575022
84551 10 84551290631969405534508795856433107641730580353838811169227514926531818499923881516966755232075527
88254 10 88254607906769633559680454849922381451959604456489102701297131684474281160927691935002850203522387
94157 10 94157356208182899007890757972266948253207852753792806108671843892717198880766873245056955154066946
98800 10 98800768073487072577972466960255627018971976806348697245696915550600566051265638119192000120013201
98850 10 98850763573982027022972416965755122063426976856343197740641460550650561551760683664192050125513706
